1210 1061907	1
1922 5736	0
2518 2517	1
2622 2625	0
5151 5153	0
5151 5152	0
6621 6622	1
6621 6623	0
7072 504541	0
11130 506929	0
11173 139085	0
11558 200884	0
11558 200886	0
11558 200884	0
11558 200886	0
11558 200891	1
13857 336278	0
20978 1013857	0
21433 1066168	1
21433 1064231	0
21433 216611	0
21433 61624	1
21433 207268	0
23943 420590	1
32890 480927	1
33128 102762	1
34189 104622	0
34189 480309	0
34189 104622	0
34189 480309	0
34189 37254	1
34189 303764	1
34189 105	1
34189 104619	0
34189 104	1
34189 312657	0
34189 37253	0
34189 1177387	0
34189 314519	0
34189 173626	1
34189 115063	1
34189 93691	0
34189 530687	1
34189 32334	0
34189 310606	1
34189 33807	1
34189 35759	1
34189 33808	1
34189 480309	0
34189 12414	1
34189 104622	0
34189 317509	1
34189 329334	1
34189 35758	1
34189 32908	1
34189 104620	1
34669 111397	0
36538 102024	0
36858 36855	1
36858 36862	1
36858 196777	0
36858 36861	1
36858 36852	1
36858 36853	0
36858 36854	1
36858 202823	1
36858 17783	1
41992 308570	1
41992 202562	1
41992 311049	0
41992 39861	1
41992 202440	1
41992 202289	1
41992 306966	0
41992 310410	1
41992 31311	0
41992 21106	1
41992 41129	0
41992 308442	0
41992 321509	1
42075 302489	1
42075 312068	0
42075 43542	0
42075 539088	0
42075 314020	1
42715 474261	0
43041 464698	0
43041 309093	0
43041 43108	1
43353 44271	1
43353 42698	0
43353 195674	1
